solid OpenSCAD_Model
  facet normal 0 0 -1
    outer loop
      vertex 113.75 -3.75 -7.5
      vertex 110.1 -0.0999994 -7.5
      vertex 113.75 113.75 -7.5
    endloop
  endfacet
  facet normal 0 0 -1
    outer loop
      vertex 113.75 -3.75 -7.5
      vertex -0.0999994 -0.0999994 -7.5
      vertex 110.1 -0.0999994 -7.5
    endloop
  endfacet
  facet normal -0 0 -1
    outer loop
      vertex -0.0999994 -0.0999994 -7.5
      vertex -3.75 -3.75 -7.5
      vertex -0.0999994 110.1 -7.5
    endloop
  endfacet
  facet normal 0 0 -1
    outer loop
      vertex -3.75 -3.75 -7.5
      vertex -0.0999994 -0.0999994 -7.5
      vertex 113.75 -3.75 -7.5
    endloop
  endfacet
  facet normal 0 0 -1
    outer loop
      vertex 110.1 110.1 -7.5
      vertex 113.75 113.75 -7.5
      vertex 110.1 -0.0999994 -7.5
    endloop
  endfacet
  facet normal 0 0 -1
    outer loop
      vertex -0.0999994 110.1 -7.5
      vertex 113.75 113.75 -7.5
      vertex 110.1 110.1 -7.5
    endloop
  endfacet
  facet normal 0 0 -1
    outer loop
      vertex -0.0999994 110.1 -7.5
      vertex -3.75 113.75 -7.5
      vertex 113.75 113.75 -7.5
    endloop
  endfacet
  facet normal 0 0 -1
    outer loop
      vertex -3.75 113.75 -7.5
      vertex -0.0999994 110.1 -7.5
      vertex -3.75 -3.75 -7.5
    endloop
  endfacet
  facet normal -1 0 0
    outer loop
      vertex -7.5 113.75 -3.75
      vertex -7.5 110.1 -0.0999994
      vertex -7.5 113.75 10
    endloop
  endfacet
  facet normal -1 0 0
    outer loop
      vertex -7.5 113.75 -3.75
      vertex -7.5 -0.0999994 -0.0999994
      vertex -7.5 110.1 -0.0999994
    endloop
  endfacet
  facet normal -1 0 0
    outer loop
      vertex -7.5 -3.75 -3.75
      vertex -7.5 -0.0999994 -0.0999994
      vertex -7.5 113.75 -3.75
    endloop
  endfacet
  facet normal -1 0 0
    outer loop
      vertex -7.5 -3.75 10
      vertex -7.5 -0.0999994 -0.0999994
      vertex -7.5 -3.75 -3.75
    endloop
  endfacet
  facet normal -1 0 0
    outer loop
      vertex -7.5 -0.0999994 -0.0999994
      vertex -7.5 -3.75 10
      vertex -7.5 -0.0999994 10
    endloop
  endfacet
  facet normal -1 -0 0
    outer loop
      vertex -7.5 113.75 10
      vertex -7.5 110.1 -0.0999994
      vertex -7.5 110.1 10
    endloop
  endfacet
  facet normal 0 -1 0
    outer loop
      vertex -3.75 -7.5 10
      vertex -0.0999994 -7.5 -0.0999994
      vertex -0.0999994 -7.5 10
    endloop
  endfacet
  facet normal 0 -1 -0
    outer loop
      vertex -0.0999994 -7.5 -0.0999994
      vertex -3.75 -7.5 -3.75
      vertex 110.1 -7.5 -0.0999994
    endloop
  endfacet
  facet normal 0 -1 0
    outer loop
      vertex -3.75 -7.5 -3.75
      vertex -0.0999994 -7.5 -0.0999994
      vertex -3.75 -7.5 10
    endloop
  endfacet
  facet normal 0 -1 0
    outer loop
      vertex 110.1 -7.5 -0.0999994
      vertex 113.75 -7.5 10
      vertex 110.1 -7.5 10
    endloop
  endfacet
  facet normal 0 -1 0
    outer loop
      vertex 110.1 -7.5 -0.0999994
      vertex 113.75 -7.5 -3.75
      vertex 113.75 -7.5 10
    endloop
  endfacet
  facet normal 0 -1 0
    outer loop
      vertex 113.75 -7.5 -3.75
      vertex 110.1 -7.5 -0.0999994
      vertex -3.75 -7.5 -3.75
    endloop
  endfacet
  facet normal -1 0 0
    outer loop
      vertex -3.75 -7.45383 -4.33663
      vertex -3.75 -7.44241 -4.33482
      vertex -3.75 -7.41944 -4.47989
    endloop
  endfacet
  facet normal -1 -0 0
    outer loop
      vertex -3.75 -7.44241 -4.33482
      vertex -3.75 -7.45383 -4.33663
      vertex -3.75 -7.46539 -4.18975
    endloop
  endfacet
  facet normal -1 0 0
    outer loop
      vertex -3.75 -4.33663 -7.45383
      vertex -3.75 -4.33482 -7.44241
      vertex -3.75 -4.18975 -7.46539
    endloop
  endfacet
  facet normal -1 -0 0
    outer loop
      vertex -3.75 -4.33482 -7.44241
      vertex -3.75 -4.33663 -7.45383
      vertex -3.75 -4.47989 -7.41944
    endloop
  endfacet
  facet normal -1 0 0
    outer loop
      vertex -3.75 -7.31646 -4.90881
      vertex -3.75 -7.30547 -4.90524
      vertex -3.75 -7.26008 -5.04493
    endloop
  endfacet
  facet normal -1 -0 0
    outer loop
      vertex -3.75 -7.30547 -4.90524
      vertex -3.75 -7.31646 -4.90881
      vertex -3.75 -7.35086 -4.76555
    endloop
  endfacet
  facet normal -1 0 0
    outer loop
      vertex -3.75 -4.90881 -7.31646
      vertex -3.75 -4.90524 -7.30547
      vertex -3.75 -4.76555 -7.35086
    endloop
  endfacet
  facet normal -1 -0 0
    outer loop
      vertex -3.75 -4.90524 -7.30547
      vertex -3.75 -4.90881 -7.31646
      vertex -3.75 -5.04493 -7.26008
    endloop
  endfacet
  facet normal -1 -0 -0
    outer loop
      vertex -3.75 -3.75 -7.48844
      vertex -3.75 -3.75 -7.5
      vertex -3.75 -3.89689 -7.48844
    endloop
  endfacet
  facet normal -1 0 0
    outer loop
      vertex -3.75 -7.01429 -5.57809
      vertex -3.75 -7.09127 -5.45246
      vertex -3.75 -7.14766 -5.31634
    endloop
  endfacet
  facet normal -1 -0 -0
    outer loop
      vertex -3.75 -7.48844 -3.75
      vertex -3.75 -7.48844 -3.89689
      vertex -3.75 -7.5 -3.75
    endloop
  endfacet
  facet normal -1 0 0
    outer loop
      vertex -3.75 -6.78381 -5.95419
      vertex -3.75 -6.77446 -5.9474
      vertex -3.75 -6.68812 -6.06624
    endloop
  endfacet
  facet normal -1 -0 0
    outer loop
      vertex -3.75 -6.77446 -5.9474
      vertex -3.75 -6.78381 -5.95419
      vertex -3.75 -6.8608 -5.82856
    endloop
  endfacet
  facet normal -1 0 0
    outer loop
      vertex -3.75 -6.40165 -6.40165
      vertex -3.75 -6.39348 -6.39348
      vertex -3.75 -6.28961 -6.49735
    endloop
  endfacet
  facet normal -1 -0 0
    outer loop
      vertex -3.75 -6.39348 -6.39348
      vertex -3.75 -6.40165 -6.40165
      vertex -3.75 -6.49735 -6.28961
    endloop
  endfacet
  facet normal -1 0 0
    outer loop
      vertex -3.75 -5.95419 -6.78381
      vertex -3.75 -5.9474 -6.77446
      vertex -3.75 -5.82856 -6.8608
    endloop
  endfacet
  facet normal -1 -0 0
    outer loop
      vertex -3.75 -5.9474 -6.77446
      vertex -3.75 -5.95419 -6.78381
      vertex -3.75 -6.06624 -6.68812
    endloop
  endfacet
  facet normal -1 0 0
    outer loop
      vertex -3.75 -5.31634 -7.14766
      vertex -3.75 -5.45246 -7.09127
      vertex -3.75 -5.57809 -7.01429
    endloop
  endfacet
  facet normal 0 -1 0
    outer loop
      vertex -3.75 -3.75 -7.5
      vertex -3.75 -3.75 -7.48844
      vertex -3.89689 -3.75 -7.48844
    endloop
  endfacet
  facet normal 0 -1 0
    outer loop
      vertex -7.48844 -3.75 -3.89689
      vertex -7.48844 -3.75 -3.75
      vertex -7.5 -3.75 -3.75
    endloop
  endfacet
  facet normal 0 -1 0
    outer loop
      vertex -7.09127 -3.75 -5.45246
      vertex -7.01429 -3.75 -5.57809
      vertex -7.14766 -3.75 -5.31634
    endloop
  endfacet
  facet normal 0 -1 0
    outer loop
      vertex -5.45246 -3.75 -7.09127
      vertex -5.31634 -3.75 -7.14766
      vertex -5.57809 -3.75 -7.01429
    endloop
  endfacet
  facet normal 0 -1 0
    outer loop
      vertex -5.95419 -3.75 -6.78381
      vertex -5.9474 -3.75 -6.77446
      vertex -6.06624 -3.75 -6.68812
    endloop
  endfacet
  facet normal 0 -1 -0
    outer loop
      vertex -5.9474 -3.75 -6.77446
      vertex -5.95419 -3.75 -6.78381
      vertex -5.82856 -3.75 -6.8608
    endloop
  endfacet
  facet normal 0 -1 0
    outer loop
      vertex -6.40165 -3.75 -6.40165
      vertex -6.39348 -3.75 -6.39348
      vertex -6.49735 -3.75 -6.28961
    endloop
  endfacet
  facet normal 0 -1 -0
    outer loop
      vertex -6.39348 -3.75 -6.39348
      vertex -6.40165 -3.75 -6.40165
      vertex -6.28961 -3.75 -6.49735
    endloop
  endfacet
  facet normal 0 -1 0
    outer loop
      vertex -4.33663 -3.75 -7.45383
      vertex -4.33482 -3.75 -7.44241
      vertex -4.47989 -3.75 -7.41944
    endloop
  endfacet
  facet normal 0 -1 -0
    outer loop
      vertex -4.33482 -3.75 -7.44241
      vertex -4.33663 -3.75 -7.45383
      vertex -4.18975 -3.75 -7.46539
    endloop
  endfacet
  facet normal 0 -1 0
    outer loop
      vertex -7.45383 -3.75 -4.33663
      vertex -7.44241 -3.75 -4.33482
      vertex -7.46539 -3.75 -4.18975
    endloop
  endfacet
  facet normal 0 -1 -0
    outer loop
      vertex -7.44241 -3.75 -4.33482
      vertex -7.45383 -3.75 -4.33663
      vertex -7.41944 -3.75 -4.47989
    endloop
  endfacet
  facet normal 0 -1 0
    outer loop
      vertex -7.31646 -3.75 -4.90881
      vertex -7.30547 -3.75 -4.90524
      vertex -7.35086 -3.75 -4.76555
    endloop
  endfacet
  facet normal 0 -1 -0
    outer loop
      vertex -7.30547 -3.75 -4.90524
      vertex -7.31646 -3.75 -4.90881
      vertex -7.26008 -3.75 -5.04493
    endloop
  endfacet
  facet normal 0 -1 0
    outer loop
      vertex -4.90881 -3.75 -7.31646
      vertex -4.90524 -3.75 -7.30547
      vertex -5.04493 -3.75 -7.26008
    endloop
  endfacet
  facet normal 0 -1 -0
    outer loop
      vertex -4.90524 -3.75 -7.30547
      vertex -4.90881 -3.75 -7.31646
      vertex -4.76555 -3.75 -7.35086
    endloop
  endfacet
  facet normal 0 -1 0
    outer loop
      vertex -6.78381 -3.75 -5.95419
      vertex -6.77446 -3.75 -5.9474
      vertex -6.8608 -3.75 -5.82856
    endloop
  endfacet
  facet normal 0 -1 -0
    outer loop
      vertex -6.77446 -3.75 -5.9474
      vertex -6.78381 -3.75 -5.95419
      vertex -6.68812 -3.75 -6.06624
    endloop
  endfacet
  facet normal -0.382667 0.000116686 -0.923886
    outer loop
      vertex -5.05395 -3.71852 -7.25634
      vertex -4.90881 -3.75 -7.31646
      vertex -5.04493 -3.75 -7.26008
    endloop
  endfacet
  facet normal -0.38269 -3.93094e-06 -0.923877
    outer loop
      vertex -5.10646 -3.53516 -7.23459
      vertex -4.90881 -3.75 -7.31646
      vertex -5.05395 -3.71852 -7.25634
    endloop
  endfacet
  facet normal -0.385725 -0.00328023 -0.922608
    outer loop
      vertex -5.1171 -3.52155 -7.23019
      vertex -4.90881 -3.75 -7.31646
      vertex -5.10646 -3.53516 -7.23459
    endloop
  endfacet
  facet normal -0.382667 -0.000118493 -0.923886
    outer loop
      vertex -4.90881 113.75 -7.31646
      vertex -5.05395 113.719 -7.25634
      vertex -5.04493 113.75 -7.26008
    endloop
  endfacet
  facet normal -0.382077 0.000621419 -0.92413
    outer loop
      vertex -5.15485 -3.47327 -7.21455
      vertex -4.90881 -3.75 -7.31646
      vertex -5.1171 -3.52155 -7.23019
    endloop
  endfacet
  facet normal -0.38269 3.91243e-06 -0.923877
    outer loop
      vertex -4.90881 113.75 -7.31646
      vertex -5.10646 113.535 -7.23459
      vertex -5.05395 113.719 -7.25634
    endloop
  endfacet
  facet normal -0.382673 0 -0.923884
    outer loop
      vertex -4.90881 -3.75 -7.31646
      vertex -5.15485 -3.47327 -7.21455
      vertex -4.90881 113.75 -7.31646
    endloop
  endfacet
  facet normal -0.387042 0.00470038 -0.92205
    outer loop
      vertex -4.90881 113.75 -7.31646
      vertex -5.1171 113.522 -7.23019
      vertex -5.10646 113.535 -7.23459
    endloop
  endfacet
  facet normal -0.382673 -0 -0.923884
    outer loop
      vertex -5.15485 113.473 -7.21455
      vertex -4.90881 113.75 -7.31646
      vertex -5.15485 -3.47327 -7.21455
    endloop
  endfacet
  facet normal -0.382139 -0.000556528 -0.924105
    outer loop
      vertex -4.90881 113.75 -7.31646
      vertex -5.15485 113.473 -7.21455
      vertex -5.1171 113.522 -7.23019
    endloop
  endfacet
  facet normal -0.38276 0 -0.923848
    outer loop
      vertex -5.19552 -3.50148 -7.1977
      vertex -5.15485 113.473 -7.21455
      vertex -5.15485 -3.47327 -7.21455
    endloop
  endfacet
  facet normal -0.38276 0 -0.923848
    outer loop
      vertex -5.19552 -3.50148 -7.1977
      vertex -5.19552 113.501 -7.1977
      vertex -5.15485 113.473 -7.21455
    endloop
  endfacet
  facet normal -0.382529 0 -0.923943
    outer loop
      vertex -5.21849 -3.51741 -7.18819
      vertex -5.19552 113.501 -7.1977
      vertex -5.19552 -3.50148 -7.1977
    endloop
  endfacet
  facet normal -0.382529 0 -0.923943
    outer loop
      vertex -5.21849 -3.51741 -7.18819
      vertex -5.21849 113.517 -7.18819
      vertex -5.19552 113.501 -7.1977
    endloop
  endfacet
  facet normal -0.382675 -3.51571e-05 -0.923883
    outer loop
      vertex -5.45246 -3.75 -7.09127
      vertex -5.21849 -3.51741 -7.18819
      vertex -5.28943 -3.68604 -7.1588
    endloop
  endfacet
  facet normal -0.382705 0 -0.923871
    outer loop
      vertex -5.21849 -3.51741 -7.18819
      vertex -5.45246 -3.75 -7.09127
      vertex -5.21849 113.517 -7.18819
    endloop
  endfacet
  facet normal -0.382725 0.000114403 -0.923862
    outer loop
      vertex -5.45246 -3.75 -7.09127
      vertex -5.28943 -3.68604 -7.1588
      vertex -5.31634 -3.75 -7.14766
    endloop
  endfacet
  facet normal -0.382705 -0 -0.923871
    outer loop
      vertex -5.45246 113.75 -7.09127
      vertex -5.21849 113.517 -7.18819
      vertex -5.45246 -3.75 -7.09127
    endloop
  endfacet
  facet normal -0.382675 3.50693e-05 -0.923883
    outer loop
      vertex -5.21849 113.517 -7.18819
      vertex -5.45246 113.75 -7.09127
      vertex -5.28943 113.686 -7.1588
    endloop
  endfacet
  facet normal -0.382725 -0.000114331 -0.923862
    outer loop
      vertex -5.28943 113.686 -7.1588
      vertex -5.45246 113.75 -7.09127
      vertex -5.31634 113.75 -7.14766
    endloop
  endfacet
  facet normal -0.996917 5.27469e-05 -0.0784611
    outer loop
      vertex -7.45383 113.75 -4.33663
      vertex -7.46582 113.715 -4.18431
      vertex -7.46539 113.75 -4.18975
    endloop
  endfacet
  facet normal -0.996917 2.12366e-05 -0.0784683
    outer loop
      vertex -7.45383 113.75 -4.33663
      vertex -7.46623 113.682 -4.17911
      vertex -7.46582 113.715 -4.18431
    endloop
  endfacet
  facet normal -0.996908 -0.000225196 -0.078574
    outer loop
      vertex -7.45383 113.75 -4.33663
      vertex -7.46736 113.653 -4.16469
      vertex -7.46623 113.682 -4.17911
    endloop
  endfacet
  facet normal -0.996919 2.59913e-05 -0.0784332
    outer loop
      vertex -7.45383 113.75 -4.33663
      vertex -7.4686 113.62 -4.14894
      vertex -7.46736 113.653 -4.16469
    endloop
  endfacet
  facet normal -0.996921 4.8834e-05 -0.0784174
    outer loop
      vertex -7.45383 113.75 -4.33663
      vertex -7.47073 113.59 -4.12188
      vertex -7.4686 113.62 -4.14894
    endloop
  endfacet
  facet normal -0.996933 0.000256221 -0.0782639
    outer loop
      vertex -7.45383 113.75 -4.33663
      vertex -7.47216 113.57 -4.10373
      vertex -7.47073 113.59 -4.12188
    endloop
  endfacet
  facet normal 0.996867 0.00128747 0.0790872
    outer loop
      vertex -7.47644 113.533 -4.0493
      vertex -7.48102 113.509 -3.99118
      vertex -7.48003 113.514 -4.00374
    endloop
  endfacet
  facet normal -0.996909 0 -0.0785608
    outer loop
      vertex -7.48554 113.497 -3.93369
      vertex -7.48844 -3.49601 -3.89689
      vertex -7.48844 113.496 -3.89689
    endloop
  endfacet
  facet normal -0.996927 0 -0.0783346
    outer loop
      vertex -7.48554 -3.49718 -3.93369
      vertex -7.48554 113.497 -3.93369
      vertex -7.48192 113.507 -3.97976
    endloop
  endfacet
  facet normal -0.996909 -9.14763e-08 -0.0785655
    outer loop
      vertex -7.48554 -3.49718 -3.93369
      vertex -7.48192 113.507 -3.97976
      vertex -7.48102 113.509 -3.99118
    endloop
  endfacet
  facet normal -0.996909 0 -0.0785589
    outer loop
      vertex -7.48102 -3.50882 -3.99118
      vertex -7.48102 113.509 -3.99118
      vertex -7.47644 113.533 -4.0493
    endloop
  endfacet
  facet normal -0.996916 0 -0.0784719
    outer loop
      vertex -7.47644 -3.53254 -4.0493
      vertex -7.47644 113.533 -4.0493
      vertex -7.47377 113.556 -4.08322
    endloop
  endfacet
  facet normal -0.996933 6.24897e-08 -0.0782575
    outer loop
      vertex -7.47644 -3.53254 -4.0493
      vertex -7.47377 113.556 -4.08322
      vertex -7.47216 113.57 -4.10373
    endloop
  endfacet
  facet normal -0.996917 0 -0.0784607
    outer loop
      vertex -7.47216 -3.56976 -4.10373
      vertex -7.47216 113.57 -4.10373
      vertex -7.45383 113.75 -4.33663
    endloop
  endfacet
  facet normal -0.996909 -0 -0.0785608
    outer loop
      vertex -7.48554 113.497 -3.93369
      vertex -7.48554 -3.49718 -3.93369
      vertex -7.48844 -3.49601 -3.89689
    endloop
  endfacet
  facet normal -0.996927 2.26717e-08 -0.0783346
    outer loop
      vertex -7.48102 113.509 -3.99118
      vertex -7.48192 -3.50651 -3.97976
      vertex -7.48554 -3.49718 -3.93369
    endloop
  endfacet
  facet normal -0.996909 -0 -0.0785655
    outer loop
      vertex -7.48102 113.509 -3.99118
      vertex -7.48102 -3.50882 -3.99118
      vertex -7.48192 -3.50651 -3.97976
    endloop
  endfacet
  facet normal -0.996908 -9.49214e-09 -0.0785779
    outer loop
      vertex -7.47644 113.533 -4.0493
      vertex -7.48003 -3.51395 -4.00374
      vertex -7.48102 -3.50882 -3.99118
    endloop
  endfacet
  facet normal -0.99691 -0 -0.0785537
    outer loop
      vertex -7.47644 113.533 -4.0493
      vertex -7.47644 -3.53254 -4.0493
      vertex -7.48003 -3.51395 -4.00374
    endloop
  endfacet
  facet normal -0.996916 -3.77603e-08 -0.0784719
    outer loop
      vertex -7.47216 113.57 -4.10373
      vertex -7.47377 -3.55573 -4.08322
      vertex -7.47644 -3.53254 -4.0493
    endloop
  endfacet
  facet normal -0.996933 -0 -0.0782576
    outer loop
      vertex -7.47216 113.57 -4.10373
      vertex -7.47216 -3.56976 -4.10373
      vertex -7.47377 -3.55573 -4.08322
    endloop
  endfacet
  facet normal -0.996917 0 -0.0784607
    outer loop
      vertex -7.45383 -3.75 -4.33663
      vertex -7.47216 -3.56976 -4.10373
      vertex -7.45383 113.75 -4.33663
    endloop
  endfacet
  facet normal -0.996932 -0.000243916 -0.0782731
    outer loop
      vertex -7.47216 -3.56976 -4.10373
      vertex -7.45383 -3.75 -4.33663
      vertex -7.47073 -3.59008 -4.12188
    endloop
  endfacet
  facet normal -0.996921 -4.73419e-05 -0.0784186
    outer loop
      vertex -7.47073 -3.59008 -4.12188
      vertex -7.45383 -3.75 -4.33663
      vertex -7.4686 -3.62038 -4.14894
    endloop
  endfacet
  facet normal -0.996919 -2.69402e-05 -0.0784326
    outer loop
      vertex -7.4686 -3.62038 -4.14894
      vertex -7.45383 -3.75 -4.33663
      vertex -7.46736 -3.65257 -4.16469
    endloop
  endfacet
  facet normal -0.996908 0.000220711 -0.078572
    outer loop
      vertex -7.46736 -3.65257 -4.16469
      vertex -7.45383 -3.75 -4.33663
      vertex -7.46623 -3.68203 -4.17911
    endloop
  endfacet
  facet normal -0.996917 -2.10647e-05 -0.0784683
    outer loop
      vertex -7.46623 -3.68203 -4.17911
      vertex -7.45383 -3.75 -4.33663
      vertex -7.46582 -3.71528 -4.18431
    endloop
  endfacet
  facet normal -0.996917 -5.31723e-05 -0.0784611
    outer loop
      vertex -7.46582 -3.71528 -4.18431
      vertex -7.45383 -3.75 -4.33663
      vertex -7.46539 -3.75 -4.18975
    endloop
  endfacet
  facet normal -0.996918 0 -0.0784558
    outer loop
      vertex -7.48844 113.496 -3.89689
      vertex -7.5 113.75 -3.75
      vertex -7.48844 113.75 -3.89689
    endloop
  endfacet
  facet normal -0.996918 0 -0.0784558
    outer loop
      vertex -7.48844 -3.49601 -3.89689
      vertex -7.5 113.75 -3.75
      vertex -7.48844 113.496 -3.89689
    endloop
  endfacet
  facet normal -0.996918 0 -0.0784558
    outer loop
      vertex -7.5 -3.75 -3.75
      vertex -7.48844 -3.49601 -3.89689
      vertex -7.48844 -3.75 -3.89689
    endloop
  endfacet
  facet normal -0.996918 0 -0.0784558
    outer loop
      vertex -7.48844 -3.49601 -3.89689
      vertex -7.5 -3.75 -3.75
      vertex -7.5 113.75 -3.75
    endloop
  endfacet
  facet normal -0.852629 2.44181e-06 -0.522517
    outer loop
      vertex -6.78381 113.75 -5.95419
      vertex -6.9474 113.469 -5.68725
      vertex -6.8608 113.75 -5.82856
    endloop
  endfacet
  facet normal -0.852627 0 -0.522519
    outer loop
      vertex -6.78381 113.75 -5.95419
      vertex -6.9474 -3.46888 -5.68725
      vertex -6.9474 113.469 -5.68725
    endloop
  endfacet
  facet normal -0.852627 0 -0.522519
    outer loop
      vertex -6.78381 -3.75 -5.95419
      vertex -6.9474 -3.46888 -5.68725
      vertex -6.78381 113.75 -5.95419
    endloop
  endfacet
  facet normal -0.852629 -2.44076e-06 -0.522517
    outer loop
      vertex -6.9474 -3.46888 -5.68725
      vertex -6.78381 -3.75 -5.95419
      vertex -6.8608 -3.75 -5.82856
    endloop
  endfacet
  facet normal -0.852659 -6.13251e-06 -0.522468
    outer loop
      vertex -6.9474 113.469 -5.68725
      vertex -7.09127 113.75 -5.45246
      vertex -7.01429 113.75 -5.57809
    endloop
  endfacet
  facet normal -0.852656 0 -0.522473
    outer loop
      vertex -6.9474 -3.46888 -5.68725
      vertex -7.09127 113.75 -5.45246
      vertex -6.9474 113.469 -5.68725
    endloop
  endfacet
  facet normal -0.852659 6.12989e-06 -0.522468
    outer loop
      vertex -7.09127 -3.75 -5.45246
      vertex -6.9474 -3.46888 -5.68725
      vertex -7.01429 -3.75 -5.57809
    endloop
  endfacet
  facet normal -0.852656 0 -0.522473
    outer loop
      vertex -6.9474 -3.46888 -5.68725
      vertex -7.09127 -3.75 -5.45246
      vertex -7.09127 113.75 -5.45246
    endloop
  endfacet
  facet normal -0.522468 6.12989e-06 -0.852659
    outer loop
      vertex -5.68725 -3.46888 -6.9474
      vertex -5.45246 -3.75 -7.09127
      vertex -5.57809 -3.75 -7.01429
    endloop
  endfacet
  facet normal -0.522473 0 -0.852656
    outer loop
      vertex -5.45246 -3.75 -7.09127
      vertex -5.68725 -3.46888 -6.9474
      vertex -5.45246 113.75 -7.09127
    endloop
  endfacet
  facet normal -0.522473 -0 -0.852656
    outer loop
      vertex -5.68725 113.469 -6.9474
      vertex -5.45246 113.75 -7.09127
      vertex -5.68725 -3.46888 -6.9474
    endloop
  endfacet
  facet normal -0.522468 -6.13251e-06 -0.852659
    outer loop
      vertex -5.45246 113.75 -7.09127
      vertex -5.68725 113.469 -6.9474
      vertex -5.57809 113.75 -7.01429
    endloop
  endfacet
  facet normal -0.522517 -2.44076e-06 -0.852629
    outer loop
      vertex -5.95419 -3.75 -6.78381
      vertex -5.68725 -3.46888 -6.9474
      vertex -5.82856 -3.75 -6.8608
    endloop
  endfacet
  facet normal -0.522519 0 -0.852627
    outer loop
      vertex -5.68725 -3.46888 -6.9474
      vertex -5.95419 -3.75 -6.78381
      vertex -5.68725 113.469 -6.9474
    endloop
  endfacet
  facet normal -0.522519 -0 -0.852627
    outer loop
      vertex -5.95419 113.75 -6.78381
      vertex -5.68725 113.469 -6.9474
      vertex -5.95419 -3.75 -6.78381
    endloop
  endfacet
  facet normal -0.522517 2.44181e-06 -0.852629
    outer loop
      vertex -5.68725 113.469 -6.9474
      vertex -5.95419 113.75 -6.78381
      vertex -5.82856 113.75 -6.8608
    endloop
  endfacet
  facet normal -0.233422 0.000404431 -0.972376
    outer loop
      vertex -4.48162 -3.73868 -7.41902
      vertex -4.33663 -3.75 -7.45383
      vertex -4.47989 -3.75 -7.41944
    endloop
  endfacet
  facet normal -0.233455 -4.95793e-05 -0.972368
    outer loop
      vertex -4.49797 -3.63153 -7.4151
      vertex -4.33663 -3.75 -7.45383
      vertex -4.48162 -3.73868 -7.41902
    endloop
  endfacet
  facet normal -0.233371 7.18374e-05 -0.972388
    outer loop
      vertex -4.55976 -3.48893 -7.40026
      vertex -4.33663 -3.75 -7.45383
      vertex -4.49797 -3.63153 -7.4151
    endloop
  endfacet
  facet normal -0.233422 -0.000416196 -0.972376
    outer loop
      vertex -4.33663 113.75 -7.45383
      vertex -4.48162 113.739 -7.41902
      vertex -4.47989 113.75 -7.41944
    endloop
  endfacet
  facet normal -0.237908 -0.00403345 -0.971279
    outer loop
      vertex -4.56078 -3.48656 -7.40002
      vertex -4.33663 -3.75 -7.45383
      vertex -4.55976 -3.48893 -7.40026
    endloop
  endfacet
  facet normal -0.233455 4.96327e-05 -0.972368
    outer loop
      vertex -4.33663 113.75 -7.45383
      vertex -4.49797 113.632 -7.4151
      vertex -4.48162 113.739 -7.41902
    endloop
  endfacet
  facet normal -0.219102 0.0128539 -0.975617
    outer loop
      vertex -4.56221 -3.48437 -7.39967
      vertex -4.33663 -3.75 -7.45383
      vertex -4.56078 -3.48656 -7.40002
    endloop
  endfacet
  facet normal -0.233371 -7.14114e-05 -0.972388
    outer loop
      vertex -4.33663 113.75 -7.45383
      vertex -4.55976 113.489 -7.40026
      vertex -4.49797 113.632 -7.4151
    endloop
  endfacet
  facet normal -0.234979 -0.00136699 -0.971999
    outer loop
      vertex -4.5759 -3.46337 -7.39639
      vertex -4.33663 -3.75 -7.45383
      vertex -4.56221 -3.48437 -7.39967
    endloop
  endfacet
  facet normal -0.239942 0.00587832 -0.970769
    outer loop
      vertex -4.33663 113.75 -7.45383
      vertex -4.56078 113.487 -7.40002
      vertex -4.55976 113.489 -7.40026
    endloop
  endfacet
  facet normal -0.233431 0 -0.972373
    outer loop
      vertex -4.33663 -3.75 -7.45383
      vertex -4.5759 -3.46337 -7.39639
      vertex -4.33663 113.75 -7.45383
    endloop
  endfacet
  facet normal -0.227941 -0.0049419 -0.973662
    outer loop
      vertex -4.33663 113.75 -7.45383
      vertex -4.56221 113.484 -7.39967
      vertex -4.56078 113.487 -7.40002
    endloop
  endfacet
  facet normal -0.233431 -0 -0.972373
    outer loop
      vertex -4.5759 113.463 -7.39639
      vertex -4.33663 113.75 -7.45383
      vertex -4.5759 -3.46337 -7.39639
    endloop
  endfacet
  facet normal -0.234988 0.00137331 -0.971997
    outer loop
      vertex -4.33663 113.75 -7.45383
      vertex -4.5759 113.463 -7.39639
      vertex -4.56221 113.484 -7.39967
    endloop
  endfacet
  facet normal -0.233509 0 -0.972355
    outer loop
      vertex -4.59214 -3.47131 -7.39249
      vertex -4.5759 113.463 -7.39639
      vertex -4.5759 -3.46337 -7.39639
    endloop
  endfacet
  facet normal -0.233509 0 -0.972355
    outer loop
      vertex -4.59214 -3.47131 -7.39249
      vertex -4.59214 113.471 -7.39249
      vertex -4.5759 113.463 -7.39639
    endloop
  endfacet
  facet normal -0.233314 0 -0.972402
    outer loop
      vertex -4.59835 -3.47435 -7.391
      vertex -4.59214 113.471 -7.39249
      vertex -4.59214 -3.47131 -7.39249
    endloop
  endfacet
  facet normal -0.233314 0 -0.972402
    outer loop
      vertex -4.59835 -3.47435 -7.391
      vertex -4.59835 113.474 -7.391
      vertex -4.59214 113.471 -7.39249
    endloop
  endfacet
  facet normal -0.225874 -0.00901787 -0.974115
    outer loop
      vertex -4.90881 -3.75 -7.31646
      vertex -4.59835 -3.47435 -7.391
      vertex -4.60519 -3.48126 -7.38935
    endloop
  endfacet
  facet normal -0.233461 0 -0.972366
    outer loop
      vertex -4.59835 -3.47435 -7.391
      vertex -4.90881 -3.75 -7.31646
      vertex -4.59835 113.474 -7.391
    endloop
  endfacet
  facet normal -0.233412 -2.96265e-05 -0.972378
    outer loop
      vertex -4.90881 -3.75 -7.31646
      vertex -4.60519 -3.48126 -7.38935
      vertex -4.71928 -3.59648 -7.36196
    endloop
  endfacet
  facet normal -0.233461 -0 -0.972366
    outer loop
      vertex -4.90881 113.75 -7.31646
      vertex -4.59835 113.474 -7.391
      vertex -4.90881 -3.75 -7.31646
    endloop
  endfacet
  facet normal -0.233499 8.3431e-05 -0.972357
    outer loop
      vertex -4.90881 -3.75 -7.31646
      vertex -4.71928 -3.59648 -7.36196
      vertex -4.73283 -3.64143 -7.35871
    endloop
  endfacet
  facet normal -0.226547 0.00820933 -0.973966
    outer loop
      vertex -4.59835 113.474 -7.391
      vertex -4.90881 113.75 -7.31646
      vertex -4.60519 113.481 -7.38935
    endloop
  endfacet
  facet normal -0.233486 6.10783e-05 -0.97236
    outer loop
      vertex -4.90881 -3.75 -7.31646
      vertex -4.73283 -3.64143 -7.35871
      vertex -4.76555 -3.75 -7.35086
    endloop
  endfacet
  facet normal -0.233412 3.03028e-05 -0.972378
    outer loop
      vertex -4.60519 113.481 -7.38935
      vertex -4.90881 113.75 -7.31646
      vertex -4.71928 113.596 -7.36196
    endloop
  endfacet
  facet normal -0.233499 -8.33925e-05 -0.972357
    outer loop
      vertex -4.71928 113.596 -7.36196
      vertex -4.90881 113.75 -7.31646
      vertex -4.73283 113.641 -7.35871
    endloop
  endfacet
  facet normal -0.233486 -6.08373e-05 -0.97236
    outer loop
      vertex -4.73283 113.641 -7.35871
      vertex -4.90881 113.75 -7.31646
      vertex -4.76555 113.75 -7.35086
    endloop
  endfacet
  facet normal -0.760376 -6.42517e-05 -0.649483
    outer loop
      vertex -6.40165 113.75 -6.40165
      vertex -6.58632 113.557 -6.18543
      vertex -6.49735 113.75 -6.28961
    endloop
  endfacet
  facet normal -0.760352 -0.000119606 -0.649511
    outer loop
      vertex -6.40165 113.75 -6.40165
      vertex -6.60152 113.524 -6.16763
      vertex -6.58632 113.557 -6.18543
    endloop
  endfacet
  facet normal -0.760409 0 -0.649444
    outer loop
      vertex -6.40165 113.75 -6.40165
      vertex -6.60152 -3.52385 -6.16763
      vertex -6.60152 113.524 -6.16763
    endloop
  endfacet
  facet normal -0.760409 0 -0.649444
    outer loop
      vertex -6.40165 -3.75 -6.40165
      vertex -6.60152 -3.52385 -6.16763
      vertex -6.40165 113.75 -6.40165
    endloop
  endfacet
  facet normal -0.760352 0.000119692 -0.649511
    outer loop
      vertex -6.60152 -3.52385 -6.16763
      vertex -6.40165 -3.75 -6.40165
      vertex -6.58632 -3.55685 -6.18543
    endloop
  endfacet
  facet normal -0.760376 6.42018e-05 -0.649483
    outer loop
      vertex -6.58632 -3.55685 -6.18543
      vertex -6.40165 -3.75 -6.40165
      vertex -6.49735 -3.75 -6.28961
    endloop
  endfacet
  facet normal -0.760439 -1.20135e-05 -0.64941
    outer loop
      vertex -6.66618 113.693 -6.09193
      vertex -6.78381 113.75 -5.95419
      vertex -6.68812 113.75 -6.06624
    endloop
  endfacet
  facet normal -0.76045 -6.72661e-05 -0.649397
    outer loop
      vertex -6.60152 113.524 -6.16763
      vertex -6.78381 113.75 -5.95419
      vertex -6.66618 113.693 -6.09193
    endloop
  endfacet
  facet normal -0.760415 0 -0.649438
    outer loop
      vertex -6.60152 -3.52385 -6.16763
      vertex -6.78381 113.75 -5.95419
      vertex -6.60152 113.524 -6.16763
    endloop
  endfacet
  facet normal -0.76045 6.74204e-05 -0.649396
    outer loop
      vertex -6.78381 -3.75 -5.95419
      vertex -6.60152 -3.52385 -6.16763
      vertex -6.66618 -3.6927 -6.09193
    endloop
  endfacet
  facet normal -0.760439 1.19506e-05 -0.64941
    outer loop
      vertex -6.78381 -3.75 -5.95419
      vertex -6.66618 -3.6927 -6.09193
      vertex -6.68812 -3.75 -6.06624
    endloop
  endfacet
  facet normal -0.760415 0 -0.649438
    outer loop
      vertex -6.60152 -3.52385 -6.16763
      vertex -6.78381 -3.75 -5.95419
      vertex -6.78381 113.75 -5.95419
    endloop
  endfacet
  facet normal -0.97236 -6.08373e-05 -0.233486
    outer loop
      vertex -7.31646 113.75 -4.90881
      vertex -7.35871 113.641 -4.73283
      vertex -7.35086 113.75 -4.76555
    endloop
  endfacet
  facet normal -0.972357 -8.33925e-05 -0.233499
    outer loop
      vertex -7.31646 113.75 -4.90881
      vertex -7.36196 113.596 -4.71928
      vertex -7.35871 113.641 -4.73283
    endloop
  endfacet
  facet normal -0.972378 3.03028e-05 -0.233412
    outer loop
      vertex -7.31646 113.75 -4.90881
      vertex -7.38935 113.481 -4.60519
      vertex -7.36196 113.596 -4.71928
    endloop
  endfacet
  facet normal -0.973966 0.00820933 -0.226547
    outer loop
      vertex -7.31646 113.75 -4.90881
      vertex -7.391 113.474 -4.59835
      vertex -7.38935 113.481 -4.60519
    endloop
  endfacet
  facet normal -0.974502 0.0217233 -0.223323
    outer loop
      vertex -7.391 113.474 -4.59835
      vertex -7.39639 113.463 -4.5759
      vertex -7.39249 113.471 -4.59214
    endloop
  endfacet
  facet normal -0.972368 0 -0.233455
    outer loop
      vertex -7.391 113.474 -4.59835
      vertex -7.39639 -3.46337 -4.5759
      vertex -7.39639 113.463 -4.5759
    endloop
  endfacet
  facet normal -0.972366 0 -0.233461
    outer loop
      vertex -7.391 -3.47435 -4.59835
      vertex -7.391 113.474 -4.59835
      vertex -7.31646 113.75 -4.90881
    endloop
  endfacet
  facet normal -0.972355 -1.09562e-08 -0.233509
    outer loop
      vertex -7.391 113.474 -4.59835
      vertex -7.39249 -3.47131 -4.59214
      vertex -7.39639 -3.46337 -4.5759
    endloop
  endfacet
  facet normal -0.972402 -0 -0.233314
    outer loop
      vertex -7.391 113.474 -4.59835
      vertex -7.391 -3.47435 -4.59835
      vertex -7.39249 -3.47131 -4.59214
    endloop
  endfacet
  facet normal -0.972366 0 -0.233461
    outer loop
      vertex -7.31646 -3.75 -4.90881
      vertex -7.391 -3.47435 -4.59835
      vertex -7.31646 113.75 -4.90881
    endloop
  endfacet
  facet normal -0.974115 -0.00901787 -0.225874
    outer loop
      vertex -7.391 -3.47435 -4.59835
      vertex -7.31646 -3.75 -4.90881
      vertex -7.38935 -3.48126 -4.60519
    endloop
  endfacet
  facet normal -0.972378 -2.96265e-05 -0.233412
    outer loop
      vertex -7.38935 -3.48126 -4.60519
      vertex -7.31646 -3.75 -4.90881
      vertex -7.36196 -3.59648 -4.71928
    endloop
  endfacet
  facet normal -0.972357 8.3431e-05 -0.233499
    outer loop
      vertex -7.36196 -3.59648 -4.71928
      vertex -7.31646 -3.75 -4.90881
      vertex -7.35871 -3.64143 -4.73283
    endloop
  endfacet
  facet normal -0.97236 6.10783e-05 -0.233486
    outer loop
      vertex -7.35871 -3.64143 -4.73283
      vertex -7.31646 -3.75 -4.90881
      vertex -7.35086 -3.75 -4.76555
    endloop
  endfacet
  facet normal -0.972376 -0.000416196 -0.233422
    outer loop
      vertex -7.41902 113.739 -4.48162
      vertex -7.45383 113.75 -4.33663
      vertex -7.41944 113.75 -4.47989
    endloop
  endfacet
  facet normal -0.972368 4.96327e-05 -0.233455
    outer loop
      vertex -7.4151 113.632 -4.49797
      vertex -7.45383 113.75 -4.33663
      vertex -7.41902 113.739 -4.48162
    endloop
  endfacet
  facet normal -0.972388 -7.14114e-05 -0.233371
    outer loop
      vertex -7.40026 113.489 -4.55976
      vertex -7.45383 113.75 -4.33663
      vertex -7.4151 113.632 -4.49797
    endloop
  endfacet
  facet normal -0.970769 0.00587832 -0.239942
    outer loop
      vertex -7.40002 113.487 -4.56078
      vertex -7.45383 113.75 -4.33663
      vertex -7.40026 113.489 -4.55976
    endloop
  endfacet
  facet normal -0.973662 -0.0049419 -0.227941
    outer loop
      vertex -7.39967 113.484 -4.56221
      vertex -7.45383 113.75 -4.33663
      vertex -7.40002 113.487 -4.56078
    endloop
  endfacet
  facet normal -0.971997 0.00137331 -0.234988
    outer loop
      vertex -7.39639 113.463 -4.5759
      vertex -7.45383 113.75 -4.33663
      vertex -7.39967 113.484 -4.56221
    endloop
  endfacet
  facet normal -0.972373 0 -0.233431
    outer loop
      vertex -7.39639 -3.46337 -4.5759
      vertex -7.45383 113.75 -4.33663
      vertex -7.39639 113.463 -4.5759
    endloop
  endfacet
  facet normal -0.971999 -0.00136699 -0.234979
    outer loop
      vertex -7.45383 -3.75 -4.33663
      vertex -7.39639 -3.46337 -4.5759
      vertex -7.39967 -3.48437 -4.56221
    endloop
  endfacet
  facet normal -0.975617 0.0128539 -0.219102
    outer loop
      vertex -7.45383 -3.75 -4.33663
      vertex -7.39967 -3.48437 -4.56221
      vertex -7.40002 -3.48656 -4.56078
    endloop
  endfacet
  facet normal -0.971279 -0.00403345 -0.237908
    outer loop
      vertex -7.45383 -3.75 -4.33663
      vertex -7.40002 -3.48656 -4.56078
      vertex -7.40026 -3.48893 -4.55976
    endloop
  endfacet
  facet normal -0.972388 7.18374e-05 -0.233371
    outer loop
      vertex -7.45383 -3.75 -4.33663
      vertex -7.40026 -3.48893 -4.55976
      vertex -7.4151 -3.63153 -4.49797
    endloop
  endfacet
  facet normal -0.972368 -4.95793e-05 -0.233455
    outer loop
      vertex -7.45383 -3.75 -4.33663
      vertex -7.4151 -3.63153 -4.49797
      vertex -7.41902 -3.73868 -4.48162
    endloop
  endfacet
  facet normal -0.972376 0.000404431 -0.233422
    outer loop
      vertex -7.45383 -3.75 -4.33663
      vertex -7.41902 -3.73868 -4.48162
      vertex -7.41944 -3.75 -4.47989
    endloop
  endfacet
  facet normal -0.972373 0 -0.233431
    outer loop
      vertex -7.39639 -3.46337 -4.5759
      vertex -7.45383 -3.75 -4.33663
      vertex -7.45383 113.75 -4.33663
    endloop
  endfacet
  facet normal -0.923862 -0.000114331 -0.382725
    outer loop
      vertex -7.09127 113.75 -5.45246
      vertex -7.1588 113.686 -5.28943
      vertex -7.14766 113.75 -5.31634
    endloop
  endfacet
  facet normal -0.923883 3.50693e-05 -0.382675
    outer loop
      vertex -7.09127 113.75 -5.45246
      vertex -7.18819 113.517 -5.21849
      vertex -7.1588 113.686 -5.28943
    endloop
  endfacet
  facet normal -0.923848 0 -0.38276
    outer loop
      vertex -7.1977 113.501 -5.19552
      vertex -7.21455 -3.47327 -5.15485
      vertex -7.21455 113.473 -5.15485
    endloop
  endfacet
  facet normal -0.923943 9.38304e-08 -0.382529
    outer loop
      vertex -7.18819 113.517 -5.21849
      vertex -7.21455 -3.47327 -5.15485
      vertex -7.1977 113.501 -5.19552
    endloop
  endfacet
  facet normal -0.923871 0 -0.382705
    outer loop
      vertex -7.18819 -3.51741 -5.21849
      vertex -7.18819 113.517 -5.21849
      vertex -7.09127 113.75 -5.45246
    endloop
  endfacet
  facet normal -0.923848 -5.29489e-08 -0.38276
    outer loop
      vertex -7.18819 113.517 -5.21849
      vertex -7.1977 -3.50148 -5.19552
      vertex -7.21455 -3.47327 -5.15485
    endloop
  endfacet
  facet normal -0.923943 -0 -0.382529
    outer loop
      vertex -7.18819 113.517 -5.21849
      vertex -7.18819 -3.51741 -5.21849
      vertex -7.1977 -3.50148 -5.19552
    endloop
  endfacet
  facet normal -0.923871 0 -0.382705
    outer loop
      vertex -7.09127 -3.75 -5.45246
      vertex -7.18819 -3.51741 -5.21849
      vertex -7.09127 113.75 -5.45246
    endloop
  endfacet
  facet normal -0.923883 -3.51571e-05 -0.382675
    outer loop
      vertex -7.18819 -3.51741 -5.21849
      vertex -7.09127 -3.75 -5.45246
      vertex -7.1588 -3.68604 -5.28943
    endloop
  endfacet
  facet normal -0.923862 0.000114403 -0.382725
    outer loop
      vertex -7.1588 -3.68604 -5.28943
      vertex -7.09127 -3.75 -5.45246
      vertex -7.14766 -3.75 -5.31634
    endloop
  endfacet
  facet normal -0.923886 -0.000118493 -0.382667
    outer loop
      vertex -7.25634 113.719 -5.05395
      vertex -7.31646 113.75 -4.90881
      vertex -7.26008 113.75 -5.04493
    endloop
  endfacet
  facet normal -0.923877 3.91243e-06 -0.38269
    outer loop
      vertex -7.23459 113.535 -5.10646
      vertex -7.31646 113.75 -4.90881
      vertex -7.25634 113.719 -5.05395
    endloop
  endfacet
  facet normal -0.92205 0.00470038 -0.387042
    outer loop
      vertex -7.23019 113.522 -5.1171
      vertex -7.31646 113.75 -4.90881
      vertex -7.23459 113.535 -5.10646
    endloop
  endfacet
  facet normal -0.924105 -0.000556528 -0.382139
    outer loop
      vertex -7.21455 113.473 -5.15485
      vertex -7.31646 113.75 -4.90881
      vertex -7.23019 113.522 -5.1171
    endloop
  endfacet
  facet normal -0.923884 0 -0.382673
    outer loop
      vertex -7.21455 -3.47327 -5.15485
      vertex -7.31646 113.75 -4.90881
      vertex -7.21455 113.473 -5.15485
    endloop
  endfacet
  facet normal -0.92413 0.000621419 -0.382077
    outer loop
      vertex -7.31646 -3.75 -4.90881
      vertex -7.21455 -3.47327 -5.15485
      vertex -7.23019 -3.52155 -5.1171
    endloop
  endfacet
  facet normal -0.922608 -0.00328023 -0.385725
    outer loop
      vertex -7.31646 -3.75 -4.90881
      vertex -7.23019 -3.52155 -5.1171
      vertex -7.23459 -3.53516 -5.10646
    endloop
  endfacet
  facet normal -0.923877 -3.93094e-06 -0.38269
    outer loop
      vertex -7.31646 -3.75 -4.90881
      vertex -7.23459 -3.53516 -5.10646
      vertex -7.25634 -3.71852 -5.05395
    endloop
  endfacet
  facet normal -0.923886 0.000116686 -0.382667
    outer loop
      vertex -7.31646 -3.75 -4.90881
      vertex -7.25634 -3.71852 -5.05395
      vertex -7.26008 -3.75 -5.04493
    endloop
  endfacet
  facet normal -0.923884 0 -0.382673
    outer loop
      vertex -7.21455 -3.47327 -5.15485
      vertex -7.31646 -3.75 -4.90881
